Vertices:
(0.50, -0.50, 0.50)
(0.50, 0.50, 0.50)
(-0.50, 0.50, 0.50)
(-0.50, -0.50, 0.50)
(0.50, 0.50, 0.50)
(0.50, 0.50, 0.30)
(0.30, 0.50, 0.30)
(-0.50, 0.50, 0.50)
(-0.50, 0.50, 0.30)
(0.50, -0.50, 0.50)
(-0.50, -0.50, 0.50)
(0.50, -0.50, 0.30)
(-0.30, -0.50, 0.30)
(-0.50, -0.50, 0.30)
(-0.50, -0.50, 0.50)
(-0.50, 0.50, 0.50)
(-0.50, -0.30, 0.30)
(-0.50, 0.50, 0.30)
(-0.50, -0.50, 0.30)
(0.50, 0.50, 0.50)
(0.50, 0.30, 0.30)
(0.50, 0.50, 0.30)
(0.50, -0.50, 0.50)
(0.50, -0.50, 0.30)
(0.00, 0.00, 0.30)

Normals:
(0.00, 0.00, 1.00)
(0.00, 0.00, 1.00)
(0.00, 0.00, 1.00)
(0.00, 0.00, 1.00)
(0.00, 1.00, 0.00)
(0.00, 1.00, 0.00)
(0.00, 1.00, 0.00)
(0.00, 1.00, 0.00)
(0.00, 1.00, 0.00)
(0.00, -1.00, 0.00)
(0.00, -1.00, 0.00)
(0.00, -1.00, 0.00)
(0.00, -1.00, 0.00)
(0.00, -1.00, 0.00)
(-1.00, 0.00, 0.00)
(-1.00, 0.00, 0.00)
(-1.00, 0.00, 0.00)
(-1.00, 0.00, 0.00)
(-1.00, 0.00, 0.00)
(1.00, 0.00, 0.00)
(1.00, 0.00, 0.00)
(1.00, 0.00, 0.00)
(1.00, 0.00, 0.00)
(1.00, 0.00, 0.00)
(0.00, 0.00, -1.00)

UVs:
(0.00, 0.00)
(0.00, 1.00)
(1.00, 1.00)
(1.00, 0.00)
(0.00, 0.00)
(0.00, 0.20)
(0.20, 0.20)
(1.00, 0.00)
(1.00, 0.20)
(0.00, 1.00)
(1.00, 1.00)
(0.00, 0.80)
(0.80, 0.80)
(1.00, 0.80)
(0.00, 0.00)
(0.00, 1.00)
(0.20, 0.20)
(0.20, 1.00)
(0.20, 0.00)
(1.00, 1.00)
(0.80, 0.80)
(0.80, 1.00)
(1.00, 0.00)
(0.80, 0.00)
(0.50, 0.50)

Triangles:
0, 1, 2
0, 2, 3
4, 5, 6
7, 4, 8
8, 4, 6
9, 10, 11
11, 10, 12
10, 13, 12
14, 15, 16
16, 15, 17
14, 16, 18
19, 20, 21
19, 22, 20
20, 22, 23
24, 17, 8
24, 17, 6
24, 6, 5
24, 21, 5
24, 21, 20
24, 20, 11
24, 23, 11
24, 23, 12
24, 12, 18
24, 13, 18
24, 13, 16
24, 16, 8
