Vertices:
(0.50, -0.50, 0.50)
(0.50, 0.50, 0.50)
(0.10, -0.10, 0.50)
(0.10, -0.10, 0.50)
(0.50, 0.50, 0.50)
(0.08, 0.50, 0.50)
(0.50, -0.50, 0.50)
(0.10, -0.10, 0.50)
(0.11, -0.50, 0.50)
(0.50, 0.50, 0.50)
(0.50, 0.50, -0.50)
(0.08, 0.50, 0.08)
(0.08, 0.50, 0.08)
(0.50, 0.50, -0.50)
(0.07, 0.50, -0.50)
(0.50, 0.50, 0.50)
(0.08, 0.50, 0.08)
(0.08, 0.50, 0.50)
(0.50, 0.50, -0.50)
(0.50, -0.50, -0.50)
(0.08, 0.08, -0.50)
(0.08, 0.08, -0.50)
(0.50, -0.50, -0.50)
(0.09, -0.50, -0.50)
(0.50, 0.50, -0.50)
(0.08, 0.08, -0.50)
(0.07, 0.50, -0.50)
(0.50, -0.50, -0.50)
(0.50, -0.50, 0.50)
(0.10, -0.50, -0.10)
(0.10, -0.50, -0.10)
(0.50, -0.50, 0.50)
(0.11, -0.50, 0.50)
(0.50, -0.50, -0.50)
(0.10, -0.50, -0.10)
(0.09, -0.50, -0.50)
(0.50, -0.50, -0.50)
(0.50, 0.50, -0.50)
(0.50, 0.50, 0.50)
(0.50, -0.50, -0.50)
(0.50, 0.50, 0.50)
(0.50, -0.50, 0.50)

Normals:
(0.00, 0.00, 1.00)
(0.00, 0.00, 1.00)
(0.00, 0.00, 1.00)
(0.00, 0.00, 1.00)
(0.00, 0.00, 1.00)
(0.00, 0.00, 1.00)
(0.00, 0.00, 1.00)
(0.00, 0.00, 1.00)
(0.00, 0.00, 1.00)
(0.00, 1.00, 0.00)
(0.00, 1.00, 0.00)
(0.00, 1.00, 0.00)
(0.00, 1.00, 0.00)
(0.00, 1.00, 0.00)
(0.00, 1.00, 0.00)
(0.00, 1.00, 0.00)
(0.00, 1.00, 0.00)
(0.00, 1.00, 0.00)
(0.00, 0.00, -1.00)
(0.00, 0.00, -1.00)
(0.00, 0.00, -1.00)
(0.00, 0.00, -1.00)
(0.00, 0.00, -1.00)
(0.00, 0.00, -1.00)
(0.00, 0.00, -1.00)
(0.00, 0.00, -1.00)
(0.00, 0.00, -1.00)
(0.00, -1.00, 0.00)
(0.00, -1.00, 0.00)
(0.00, -1.00, 0.00)
(0.00, -1.00, 0.00)
(0.00, -1.00, 0.00)
(0.00, -1.00, 0.00)
(0.00, -1.00, 0.00)
(0.00, -1.00, 0.00)
(0.00, -1.00, 0.00)
(1.00, 0.00, 0.00)
(1.00, 0.00, 0.00)
(1.00, 0.00, 0.00)
(1.00, 0.00, 0.00)
(1.00, 0.00, 0.00)
(1.00, 0.00, 0.00)

UVs:
(0.00, 0.00)
(0.00, 1.00)
(0.40, 0.40)
(0.40, 0.40)
(0.00, 1.00)
(0.42, 1.00)
(0.00, 0.00)
(0.40, 0.40)
(0.39, 0.00)
(0.00, 0.00)
(0.00, 1.00)
(0.42, 0.42)
(0.42, 0.42)
(0.00, 1.00)
(0.43, 1.00)
(0.00, 0.00)
(0.42, 0.42)
(0.42, 0.00)
(0.00, 0.00)
(0.00, 1.00)
(0.42, 0.42)
(0.42, 0.42)
(0.00, 1.00)
(0.41, 1.00)
(0.00, 0.00)
(0.42, 0.42)
(0.43, 0.00)
(0.00, 0.00)
(0.00, 1.00)
(0.40, 0.40)
(0.40, 0.40)
(0.00, 1.00)
(0.39, 1.00)
(0.00, 0.00)
(0.40, 0.40)
(0.41, 0.00)
(0.00, 0.00)
(0.00, 1.00)
(1.00, 1.00)
(0.00, 0.00)
(1.00, 1.00)
(1.00, 0.00)

Triangles:
0, 1, 2
3, 4, 5
6, 7, 8
9, 10, 11
12, 13, 14
15, 16, 17
18, 19, 20
21, 22, 23
24, 25, 26
27, 28, 29
30, 31, 32
33, 34, 35
36, 37, 38
39, 40, 41
