Vertices:
(0.50, 0.50, -0.50)
(-0.50, 0.50, -0.50)
(0.50, 0.50, 0.26)
(0.50, 0.50, 0.26)
(-0.50, 0.50, -0.50)
(0.17, 0.50, 0.17)
(-0.50, 0.50, -0.50)
(-0.50, 0.50, -0.01)
(0.17, 0.50, 0.17)
(0.50, 0.50, -0.50)
(0.50, -0.50, -0.50)
(-0.50, -0.50, -0.50)
(0.50, 0.50, -0.50)
(-0.50, -0.50, -0.50)
(-0.50, 0.50, -0.50)
(0.50, -0.50, -0.50)
(0.50, -0.50, 0.46)
(-0.26, -0.50, 0.26)
(-0.50, -0.50, -0.50)
(0.50, -0.50, -0.50)
(-0.50, -0.50, 0.19)
(-0.50, -0.50, 0.19)
(0.50, -0.50, -0.50)
(-0.26, -0.50, 0.26)
(-0.50, 0.50, -0.50)
(-0.50, -0.12, 0.12)
(-0.50, 0.50, -0.01)
(-0.50, 0.50, -0.50)
(-0.50, -0.50, -0.50)
(-0.50, -0.12, 0.12)
(-0.50, -0.12, 0.12)
(-0.50, -0.50, -0.50)
(-0.50, -0.50, 0.19)
(0.50, -0.50, -0.50)
(0.50, 0.50, -0.50)
(0.50, 0.30, 0.30)
(0.50, 0.30, 0.30)
(0.50, 0.50, -0.50)
(0.50, 0.50, 0.26)
(0.50, -0.50, -0.50)
(0.50, 0.30, 0.30)
(0.50, -0.50, 0.46)
(-0.01, 0.03, 0.22)

Normals:
(0.00, 1.00, 0.00)
(0.00, 1.00, 0.00)
(0.00, 1.00, 0.00)
(0.00, 1.00, 0.00)
(0.00, 1.00, 0.00)
(0.00, 1.00, 0.00)
(0.00, 1.00, 0.00)
(0.00, 1.00, 0.00)
(0.00, 1.00, 0.00)
(0.00, 0.00, -1.00)
(0.00, 0.00, -1.00)
(0.00, 0.00, -1.00)
(0.00, 0.00, -1.00)
(0.00, 0.00, -1.00)
(0.00, 0.00, -1.00)
(0.00, -1.00, 0.00)
(0.00, -1.00, 0.00)
(0.00, -1.00, 0.00)
(0.00, -1.00, 0.00)
(0.00, -1.00, 0.00)
(0.00, -1.00, 0.00)
(0.00, -1.00, 0.00)
(0.00, -1.00, 0.00)
(0.00, -1.00, 0.00)
(-1.00, 0.00, 0.00)
(-1.00, 0.00, 0.00)
(-1.00, 0.00, 0.00)
(-1.00, 0.00, 0.00)
(-1.00, 0.00, 0.00)
(-1.00, 0.00, 0.00)
(-1.00, 0.00, 0.00)
(-1.00, 0.00, 0.00)
(-1.00, 0.00, 0.00)
(1.00, 0.00, 0.00)
(1.00, 0.00, 0.00)
(1.00, 0.00, 0.00)
(1.00, 0.00, 0.00)
(1.00, 0.00, 0.00)
(1.00, 0.00, 0.00)
(1.00, 0.00, 0.00)
(1.00, 0.00, 0.00)
(1.00, 0.00, 0.00)
(0.00, 0.00, 1.00)

UVs:
(0.00, 1.00)
(1.00, 1.00)
(0.00, 0.24)
(0.00, 0.24)
(1.00, 1.00)
(0.33, 0.33)
(1.00, 1.00)
(1.00, 0.51)
(0.33, 0.33)
(0.00, 0.00)
(0.00, 1.00)
(1.00, 1.00)
(0.00, 0.00)
(1.00, 1.00)
(1.00, 0.00)
(0.00, 0.00)
(0.00, 0.96)
(0.76, 0.76)
(1.00, 0.00)
(0.00, 0.00)
(1.00, 0.69)
(1.00, 0.69)
(0.00, 0.00)
(0.76, 0.76)
(1.00, 1.00)
(0.38, 0.38)
(0.51, 1.00)
(1.00, 1.00)
(1.00, 0.00)
(0.38, 0.38)
(0.38, 0.38)
(1.00, 0.00)
(0.31, 0.00)
(0.00, 0.00)
(0.00, 1.00)
(0.80, 0.80)
(0.80, 0.80)
(0.00, 1.00)
(0.76, 1.00)
(0.00, 0.00)
(0.80, 0.80)
(0.96, 0.00)
(0.56, 0.55)

Triangles:
0, 1, 2
3, 4, 5
6, 7, 8
9, 10, 11
12, 13, 14
15, 16, 17
18, 19, 20
21, 22, 23
24, 25, 26
27, 28, 29
30, 31, 32
33, 34, 35
36, 37, 38
39, 40, 41
42, 3, 2
42, 3, 5
42, 5, 7
42, 8, 7
42, 16, 8
42, 17, 16
42, 20, 17
42, 21, 20
42, 21, 23
42, 25, 23
42, 26, 25
42, 26, 29
42, 30, 29
42, 30, 32
42, 32, 35
42, 36, 35
42, 36, 38
42, 40, 38
42, 41, 40
